7.808570815194181176e-03
8.725983427608029475e-01
2.738645250698137357e-01
1.624591345988961877e-01
6.832187184463954788e-01
8.175364663116777564e-01
2.633102636738029467e-01
6.269888840607679148e-01
-5.079784811054158800e-01
2.986176169537512748e-01
-1.841276420615425152e-02
-1.843766369753800649e-02
-1.840542222164960259e-02
-1.840383942510118859e-02
-1.840129908887423726e-02
-1.844616498314177733e-02
-1.839571876427066252e-02
-1.841730769711056107e-02
-1.840297272675915988e-02
-1.841816498602390911e-02
-1.841818956898735524e-02
-1.840668467966852240e-02
-1.843597698684189268e-02
-1.841778290819857250e-02
-1.841372199387983702e-02
-1.842358111988278216e-02
-1.842280538899173162e-02
-1.841963500420282576e-02
-1.841645904604491402e-02
-1.841359857811079859e-02
-1.840635387717320243e-02
-1.842444046199403010e-02
-1.841625358481318794e-02
-1.839202988815970968e-02
-1.839458915741960451e-02
-1.842538584916719735e-02
-1.841186213732512802e-02
-1.842287104062869177e-02
-1.841918483325969205e-02
-1.840793988439200224e-02
-1.843442298612595759e-02
-1.842262100993191654e-02
-1.840808853141206666e-02
-1.841724414455527328e-02
-1.841847085221726132e-02
-1.843540213990678064e-02
-1.842935020989849501e-02
-1.841733505447050098e-02
-1.839507516761071729e-02
-1.841914655689212005e-02
-1.841276164308404406e-02
-1.838640210783443543e-02
-1.843177358379505942e-02
-1.842960514192215973e-02
-1.839670134485523606e-02
-1.844128873511352226e-02
-1.841937722393290414e-02
-1.840502424481525734e-02
-1.841298393276676743e-02
-1.840650045675133392e-02
-1.840461805456144670e-02
-1.840096240860403937e-02
-1.842005818851996657e-02
-1.840102843200404695e-02
-1.841425073779350344e-02
-1.842013669749955479e-02
-1.841639753267697646e-02
-1.840929591709478119e-02
-1.839982896722460598e-02
-1.842301092110730856e-02
-1.840311564790965762e-02
-1.840936644263257982e-02
-1.842145076474039148e-02
-1.840056237370595038e-02
-1.840321042594354403e-02
-1.841723723400148435e-02
-1.839529195284718768e-02
-1.839567849420023493e-02
-1.843534382932559765e-02
-1.839224641264507187e-02
-1.840378616502806597e-02
-1.842873431915682467e-02
-1.839692807326095275e-02
-1.841017119208060784e-02
-1.840811366040592464e-02
-1.840829579109822672e-02
-1.841913049228566940e-02
-1.840139780897005403e-02
-1.841880768009281424e-02
-1.839150439755206021e-02
-1.841295312975619811e-02
-1.843879235410039730e-02
-1.842683562964614677e-02
-1.842195528462230517e-02
-1.840547693082566355e-02
-1.843027193517677437e-02
-1.840698671048763765e-02
-1.843247598298988765e-02
-1.840035618315156302e-02
-1.839971471619732471e-02
-1.841992886276661023e-02
-1.839861709103257290e-02
-1.841639151475028477e-02
-1.843046989260974100e-02
-1.841255548984028351e-02
-1.842246384537583534e-02
-1.843188543242868863e-02
-1.840750055795948442e-02
-1.841987604068725387e-02
-1.840659282626766827e-02
-1.842084819858568617e-02
-1.841555023196678534e-02
-1.842690279652441782e-02
-1.838238304363794609e-02
-1.842501200001467332e-02
-1.839943032727834812e-02
-1.840913022057859283e-02
-1.840464907470254485e-02
-1.842852686196190179e-02
-1.841095289611235572e-02
-1.841277592353229159e-02
-1.841375296261899344e-02
-1.841282627751000128e-02
-1.841374993552704828e-02
-1.840286561879816637e-02
-1.842639007586505812e-02
-1.841414998058984662e-02
-1.839955946629764916e-02
-1.841939229861856708e-02
-1.843084614334110014e-02
-1.841021326988843271e-02
-1.841247620001295465e-02
-1.842958768622704468e-02
-1.841151564945576330e-02
-1.840844435526021658e-02
-1.840192482572257024e-02
-1.838890526241827861e-02
-1.841063697063064983e-02
-1.841908675638640261e-02
-1.842388746861894910e-02
-1.840372536749871474e-02
-1.839280318646583506e-02
-1.840494805992643965e-02
-1.842183219738949967e-02
-1.841156234892977334e-02
-1.841846532498444405e-02
-1.841667317999242520e-02
-1.839764507564262824e-02
-1.841508790962876480e-02
-1.840060011236772236e-02
-1.840603073598987005e-02
-1.841133371076376229e-02
-1.842506597970378079e-02
-1.841048686037034116e-02
-1.839727400688574710e-02
-1.841636922771963669e-02
-1.843866623520133002e-02
-1.844243542275014053e-02
-1.841899359626603117e-02
-1.838544364811168369e-02
-1.842734019961950881e-02
-1.842363140956457951e-02
-1.838903925633877945e-02
-1.839199170765851848e-02
-1.839180756180723575e-02
-1.841740060955026140e-02
-1.841621326321114804e-02
-1.841127837825666178e-02
-1.842270882325978618e-02
-1.840196342032721782e-02
-1.841542741406453770e-02
-1.842145021214979667e-02
-1.842098703800548049e-02
-1.841665825195098680e-02
-1.841311633892932578e-02
-1.842194369894371853e-02
-1.838489918800515974e-02
-1.840554818438710355e-02
-1.840386715313523450e-02
-1.842136917075387972e-02
-1.840913191656158229e-02
-1.838826085051711509e-02
-1.838961707455027961e-02
-1.841151342662915649e-02
-1.837785737936415212e-02
-1.842018630088201880e-02
-1.840960960528145729e-02
-1.839720415391822919e-02
-1.843624777925463240e-02
-1.841284923445581784e-02
-1.841646663137624582e-02
-1.839184130150799470e-02
-1.842000599463787525e-02
-1.840432641104254585e-02
-1.842564120195568783e-02
-1.841453295617521621e-02
-1.841408563965121759e-02
-1.840365600347087030e-02
-1.840226264239611109e-02
-1.843598855755783014e-02
