4.605475808625892897e-01 -6.003954094623066284e-01 -7.303385197954017638e-01 1.091660826534801565e+00 5.473438121945372048e-01 -7.214405374008169280e-01 1.152724662300328884e+00 -2.249850521805519532e-01 1.578360209773859379e+00 -3.198582710289776254e-01
8.535782451140375704e-01 -6.698724260649205342e-02 1.202605421410971154e+00 -3.820370485696383822e-01 1.106647542827785130e-01 6.488567725349204673e-01 -1.288217292917747558e+00 9.682459685895381529e-01 -5.433299730028472441e-01 1.320773904780095931e+00
4.743813800888738719e-01 2.063546942973255860e-01 9.337666047555277515e-01 8.913256074279811703e-01 1.349450694711517462e+00 -7.110027000898087035e-01 5.501503952005328824e-01 1.342709511464712735e+00 -4.112211052396290700e-01 -4.345695354945135480e-01
2.015485008221193031e+00 1.152247210111242426e+00 4.504425281462090536e-01 4.831670096861201968e-01 -3.088854524539559887e-01 -2.300110070121517691e-01 -2.148203381616940744e-01 4.040877759964385252e-01 1.708780367601008543e-01 -7.123654113413919742e-01
-4.911792540423878251e-01 8.176106283268775865e-01 -9.336533746083214291e-02 -4.343554630885888557e-01 -3.275224373233946440e-01 1.160432143669512639e+00 2.036280543139134647e+00 -2.469999202239964997e-01 -7.318273315438803550e-01 1.466517760696472127e-02
1.174786547575100037e+00 -3.193757711217276030e-01 6.176464823187421960e-01 -1.138147759024933300e-02 -1.340008039710617049e-01 2.021574766155617361e-02 7.441436777337826491e-01 -7.341085532275689607e-01 1.310064534043251738e+00 6.131762645763891850e-01
-6.701734853738733344e-01 -6.596803903522595602e-01 1.272987013469049522e+00 -2.340281407793303459e-01 1.276661966541344340e+00 1.640781366535508379e-01 1.250891532943731121e+00 -5.168991298621775261e-03 -5.553686890896368800e-01 8.245479211018393872e-01
-8.147706353599226681e-01 1.562883878513977809e+00 -4.350941438703113673e-01 1.785707929000458216e-01 -1.240493606063117343e-01 1.217878064513015736e-03 -7.925924139253620604e-01 1.438193442314004589e+00 1.592097767380024509e+00 2.571422375115311465e-01
6.897493932513945047e-01 -3.032233114909052007e-01 1.903871995746130863e-01 9.460895575568473159e-01 5.695439487494846631e-01 1.507908695772854690e+00 5.484652631941794310e-02 3.962221592120413471e-01 1.995158301568391856e-01 1.067269059186746638e+00
-4.212876125555454210e-01 1.470125628306849785e+00 -1.848297126801909940e-01 5.752810523576418200e-01 2.662692830125808485e-01 1.488941804805758773e+00 6.860769490736763621e-02 -2.765887004573179819e-01 6.712612096901290348e-01 5.832494648151701488e-01
-1.711688185516870367e-02 -1.633916161482328738e-02 -1.622567056114684533e-02 -1.595116397112325557e-02 -1.609932077126153757e-02 -1.707227854313218135e-02 -1.806712346521013521e-02 -1.566738298362220158e-02 -1.682726993618323744e-02 -1.669996531609412027e-02
-1.664665486790390184e-02 -1.659623516227784132e-02 -1.613024792603483942e-02 -1.541121852739225570e-02 -1.645171053027603622e-02 -1.662721713373870036e-02 -1.778419327440421138e-02 -1.568457770172515531e-02 -1.713442396961096029e-02 -1.637237547958468598e-02
-1.712169900018073454e-02 -1.643303052550064425e-02 -1.657394754139528484e-02 -1.541141665627823731e-02 -1.662430736971967984e-02 -1.729794371583922435e-02 -1.777743910931982307e-02 -1.534086362410603741e-02 -1.713195731640837494e-02 -1.670485078776348664e-02
-1.663068920130964315e-02 -1.637705730155454911e-02 -1.646271837494828888e-02 -1.594374435783333169e-02 -1.635498534906693405e-02 -1.675322422956435769e-02 -1.857157926867443465e-02 -1.605477085150583058e-02 -1.699969399021745639e-02 -1.634627540739519436e-02
-1.676827319184606008e-02 -1.667272528391610525e-02 -1.618693561593917418e-02 -1.580750548694410257e-02 -1.625101771917976737e-02 -1.693841860941858873e-02 -1.821763327423151294e-02 -1.604428144689866789e-02 -1.698037806925226795e-02 -1.677920385076777515e-02
-1.637658973313148650e-02 -1.685538554711467699e-02 -1.667263521950786143e-02 -1.542929131382492040e-02 -1.651064867504715289e-02 -1.660401949682782999e-02 -1.794481181215238849e-02 -1.514772812056511785e-02 -1.648945713029241478e-02 -1.634881407148342999e-02
-1.646817765181833940e-02 -1.654330542281928079e-02 -1.627643161959120913e-02 -1.621741567931749700e-02 -1.656763504019299893e-02 -1.684875129034484054e-02 -1.849912886456577324e-02 -1.596785326549599732e-02 -1.698796767433904259e-02 -1.654171321616423884e-02
-1.636272536647716616e-02 -1.657701709788866537e-02 -1.671650827744331630e-02 -1.598059095368044996e-02 -1.656468940130486137e-02 -1.672449960505716787e-02 -1.821342911888447491e-02 -1.578496505851544052e-02 -1.655395875064420361e-02 -1.637621965422943540e-02
-1.715308466389685663e-02 -1.663148762108431974e-02 -1.630981951156825621e-02 -1.598448891166602895e-02 -1.682415692899914481e-02 -1.732028185750522989e-02 -1.782052663338955928e-02 -1.580474224726625618e-02 -1.677580867909107473e-02 -1.595910056205491340e-02
-1.663089727842114590e-02 -1.666187864695778745e-02 -1.656444346123587055e-02 -1.539835464842105942e-02 -1.671287926300831297e-02 -1.732713065347348327e-02 -1.851010544192371876e-02 -1.531825789700588282e-02 -1.643174629769045617e-02 -1.614967425503784776e-02
-1.703378621503109230e-02 -1.634814611639574117e-02 -1.615408539394314405e-02 -1.603396034813254697e-02 -1.653218866970136008e-02 -1.720520449009271119e-02 -1.815295966287462648e-02 -1.579714435056468400e-02 -1.656951201556482525e-02 -1.596557558746196717e-02
-1.652814812122202145e-02 -1.670365466682706759e-02 -1.632669282526419061e-02 -1.575326122339714557e-02 -1.690575774850510901e-02 -1.673535699338411439e-02 -1.844775438913991150e-02 -1.595533723210920685e-02 -1.627592977922836734e-02 -1.673446907592955613e-02
-1.680585739539567150e-02 -1.646742071164681090e-02 -1.627581747570898754e-02 -1.574692305987177368e-02 -1.599875953575077489e-02 -1.677455785890321835e-02 -1.851800803487927902e-02 -1.518602144275863278e-02 -1.659880158871338343e-02 -1.645811972300249490e-02
-1.624564433369833638e-02 -1.695081893897193784e-02 -1.687974944275008257e-02 -1.599093383886035849e-02 -1.614897903115886449e-02 -1.709227617916768069e-02 -1.855284906288279939e-02 -1.534216016415654131e-02 -1.656733502782372497e-02 -1.598054136290584515e-02
-1.638244746713773958e-02 -1.711999912504634166e-02 -1.632846346179483987e-02 -1.563010208334264517e-02 -1.610681515687838530e-02 -1.733102327780342358e-02 -1.801963290938949497e-02 -1.511277502256495354e-02 -1.723343329882953343e-02 -1.670384881095661814e-02
-1.622377979720797739e-02 -1.707914492740929963e-02 -1.622824802160113822e-02 -1.618512550196664693e-02 -1.652789014996206007e-02 -1.728594888696946205e-02 -1.819585604944426449e-02 -1.525014900948385745e-02 -1.645852387338768777e-02 -1.606334953471954055e-02
-1.682200642313144354e-02 -1.660072163475919196e-02 -1.621497178873731321e-02 -1.546027627405134261e-02 -1.651868204204745907e-02 -1.673511828025035439e-02 -1.872726629628490222e-02 -1.560720506374509674e-02 -1.637518936811812459e-02 -1.642334838434909849e-02
-1.626145896374757080e-02 -1.704145538015615011e-02 -1.675648993515864091e-02 -1.555690660187477453e-02 -1.640381927879473734e-02 -1.667901117125390395e-02 -1.842401874453139174e-02 -1.552642361732496819e-02 -1.708219303065618144e-02 -1.593793917212850061e-02
-1.689327352561185991e-02 -1.658310101552584737e-02 -1.655750247449136112e-02 -1.565022164578465033e-02 -1.618533993283033032e-02 -1.660467670111325650e-02 -1.857202927985331098e-02 -1.569206526348448233e-02 -1.712291457831605773e-02 -1.596062949432055025e-02
-1.653637639110800556e-02 -1.629331414365349506e-02 -1.680192690136103964e-02 -1.577191898417886276e-02 -1.692271022721699922e-02 -1.740226485623573918e-02 -1.814392214245356266e-02 -1.513167276238302529e-02 -1.690399892832421605e-02 -1.606912188236927358e-02
-1.714091750147537369e-02 -1.618115911889196276e-02 -1.674356523770108643e-02 -1.565128012287791276e-02 -1.661836412487693870e-02 -1.712530504308211118e-02 -1.859242667061986043e-02 -1.561434844325113210e-02 -1.644128748011379829e-02 -1.621246103941628713e-02
-1.699353175762028170e-02 -1.669864701101667764e-02 -1.654292860528987219e-02 -1.540315988322035062e-02 -1.643358057621100224e-02 -1.694208767007651315e-02 -1.774860122640323917e-02 -1.541992521976021796e-02 -1.677297398645993462e-02 -1.652692889412787913e-02
-1.648826905759927589e-02 -1.706430901100485301e-02 -1.642553152333943792e-02 -1.610865984755480845e-02 -1.634509186917768378e-02 -1.679031680361537174e-02 -1.868912662479976436e-02 -1.531104412169906337e-02 -1.668866177327006650e-02 -1.590868111858793205e-02
-1.710421337992692678e-02 -1.652920049798417904e-02 -1.650804117900947499e-02 -1.566736292638714126e-02 -1.654693059250490067e-02 -1.721687126872797902e-02 -1.793746295467875049e-02 -1.571429128897811750e-02 -1.707047775225453354e-02 -1.681390552369663172e-02
-1.690453744685685780e-02 -1.681330365399134885e-02 -1.635957874303499426e-02 -1.616549802624113810e-02 -1.658337898084633402e-02 -1.704711622126904233e-02 -1.795993912756689570e-02 -1.604900449318539743e-02 -1.713806338529448581e-02 -1.599556482924996761e-02
-1.668128710513179166e-02 -1.614978830099557741e-02 -1.672082225960729376e-02 -1.547314634535814151e-02 -1.676153664352938999e-02 -1.720167756904182957e-02 -1.786138782632550742e-02 -1.523851720219554853e-02 -1.668257176373803483e-02 -1.665022126102836536e-02
-1.648472642830983714e-02 -1.622899381621919351e-02 -1.626347091463509545e-02 -1.601028806718491140e-02 -1.657163422394555483e-02 -1.730696315020191153e-02 -1.785604142866557484e-02 -1.577600936065044757e-02 -1.720367735469038525e-02 -1.643924536693282951e-02
-1.647318075555372074e-02 -1.703287283903900245e-02 -1.618978544580395793e-02 -1.560159703948410179e-02 -1.623288582259150431e-02 -1.691639462855917472e-02 -1.805211531384984941e-02 -1.575447879231729395e-02 -1.649392060690621151e-02 -1.681669890412113705e-02
-1.632928399050632279e-02 -1.691361868225732881e-02 -1.622292200187169450e-02 -1.581461927652375032e-02 -1.664156273797968641e-02 -1.715820880766735779e-02 -1.804635031147292998e-02 -1.547763199562205046e-02 -1.658274230657093631e-02 -1.655121716327567771e-02
-1.693140610269559115e-02 -1.670825218100795498e-02 -1.692299338916953416e-02 -1.543984366042828321e-02 -1.631068015771198337e-02 -1.685351505216977144e-02 -1.830141833694468381e-02 -1.590095898258763255e-02 -1.649654000719109892e-02 -1.642049456924662629e-02
-1.702006246705389109e-02 -1.623245750551552402e-02 -1.631872971788795104e-02 -1.554244360420362937e-02 -1.602132800368927940e-02 -1.653778048957894875e-02 -1.814451327266204325e-02 -1.597316791897811575e-02 -1.690604939071930352e-02 -1.628850061245126768e-02
-1.623529098094484563e-02 -1.616006646133310784e-02 -1.623320278092355712e-02 -1.545425913160035879e-02 -1.688625261465661123e-02 -1.700784822357945952e-02 -1.859676239634064018e-02 -1.533661324963020434e-02 -1.695630311780062932e-02 -1.662525927244072263e-02
-1.640630023182088754e-02 -1.711335624633794975e-02 -1.663821271305341784e-02 -1.604976899682401814e-02 -1.684461244750324466e-02 -1.684373500681232358e-02 -1.797997388216072967e-02 -1.535073513091554133e-02 -1.714117433196218551e-02 -1.593550913095744676e-02
-1.651008851461790647e-02 -1.632096176609527244e-02 -1.690476768541166949e-02 -1.567538037059970982e-02 -1.631140155237958272e-02 -1.680322191837918533e-02 -1.851320458017078480e-02 -1.608617539183199857e-02 -1.638396029026807296e-02 -1.631816345644597835e-02
-1.665121461709105632e-02 -1.620881458159620370e-02 -1.629556003412108503e-02 -1.571432676680922444e-02 -1.663186572295442117e-02 -1.744757570439535443e-02 -1.801621990277070540e-02 -1.571341436023003177e-02 -1.687211492515003006e-02 -1.622117618323992705e-02
-1.675324876673938215e-02 -1.662526282639639405e-02 -1.620731370511337838e-02 -1.600254870823682868e-02 -1.629839863902783278e-02 -1.671895935133249633e-02 -1.832504435653306563e-02 -1.553512485741215948e-02 -1.637805709332632378e-02 -1.606944327437037287e-02
-1.711359531787383717e-02 -1.680040206958978780e-02 -1.623451020695162311e-02 -1.552098781921672395e-02 -1.612116217158206591e-02 -1.742219986655468150e-02 -1.799166882732637640e-02 -1.522296254674477579e-02 -1.639620565945231617e-02 -1.636361181530375172e-02
-1.643203491140535558e-02 -1.625268545843962589e-02 -1.626413097682077522e-02 -1.590983868248756206e-02 -1.672825216113484753e-02 -1.692728497692047931e-02 -1.861434568261086456e-02 -1.573884410668051001e-02 -1.685364011128566430e-02 -1.607177218580977535e-02
-1.687504303905578221e-02 -1.705631635617151087e-02 -1.641402671593926790e-02 -1.560406859638549699e-02 -1.630507330394266249e-02 -1.698475281602392431e-02 -1.861028546555368660e-02 -1.605616596083206393e-02 -1.650221873012904655e-02 -1.650012375509523829e-02
-1.697692829216824670e-02 -1.623821250847053491e-02 -1.669989547377220829e-02 -1.622119565668714639e-02 -1.670920123917457936e-02 -1.655400391415200873e-02 -1.819260625231070017e-02 -1.522763135068034256e-02 -1.675803642955773012e-02 -1.616280107302604102e-02
-1.707682130249586414e-02 -1.630148860718073564e-02 -1.611676904876749999e-02 -1.545760627009323818e-02 -1.690228514099170049e-02 -1.712365864205439916e-02 -1.860209918960057524e-02 -1.536693671159503408e-02 -1.639676431413064281e-02 -1.663505060892820839e-02
-1.714164338164628557e-02 -1.675328186147144807e-02 -1.677426508567350302e-02 -1.588661008570638883e-02 -1.659177198834917502e-02 -1.740566104805877506e-02 -1.860506039788503360e-02 -1.543305756317341938e-02 -1.686252386247462376e-02 -1.584797966922093723e-02
-1.636273887653737213e-02 -1.631824673236257489e-02 -1.611374852086129225e-02 -1.553294903477205752e-02 -1.686985408505816200e-02 -1.668673391504611400e-02 -1.811416321867300241e-02 -1.603594334183982076e-02 -1.714781836782413096e-02 -1.594422012259036694e-02
-1.641720569053058479e-02 -1.697991453829014383e-02 -1.616511422346058810e-02 -1.542498090119161225e-02 -1.616933491611142332e-02 -1.663703639485862584e-02 -1.794121475907392224e-02 -1.583527366374647832e-02 -1.714710558261979545e-02 -1.651625176819919438e-02
-1.681516315807879414e-02 -1.678653147021062775e-02 -1.646187614814552738e-02 -1.600891707435727826e-02 -1.633645718060135546e-02 -1.715726073882643463e-02 -1.804548522454703374e-02 -1.601534230490599814e-02 -1.716772701335828044e-02 -1.609397222196535041e-02
-1.685815641980572405e-02 -1.645534093460292169e-02 -1.604711928267511106e-02 -1.539452408559285196e-02 -1.655243105004100199e-02 -1.697101439199925552e-02 -1.853641835594817613e-02 -1.545222019791886968e-02 -1.633576414814996713e-02 -1.595461866565164866e-02
-1.648250704594221572e-02 -1.642492108441382867e-02 -1.671233569482654530e-02 -1.576852268470028615e-02 -1.686932823415155866e-02 -1.713127491818019349e-02 -1.779112369597980400e-02 -1.553704532531818318e-02 -1.648353828144668437e-02 -1.656420043502145056e-02
-1.702382596529457975e-02 -1.642057761661560103e-02 -1.682290617518822362e-02 -1.604483562660790827e-02 -1.624875539336843519e-02 -1.740509117265115133e-02 -1.783967462537567120e-02 -1.588048991890413097e-02 -1.691431525176928172e-02 -1.588085347583001808e-02
-1.713036337486188720e-02 -1.634166231129308838e-02 -1.606794685878500106e-02 -1.562720328305221285e-02 -1.654520883264999978e-02 -1.701166262191706330e-02 -1.826688351576207653e-02 -1.545338301443368451e-02 -1.718101054353628893e-02 -1.637904904593900576e-02
-1.694699121532459302e-02 -1.623289751372111386e-02 -1.623109608411051064e-02 -1.615015169535556974e-02 -1.614809823054950966e-02 -1.725049227508546751e-02 -1.780276356071038707e-02 -1.599727206431041451e-02 -1.706581508417658738e-02 -1.660506663152663126e-02
-1.681983260729702848e-02 -1.656648934922719252e-02 -1.609648689444859518e-02 -1.620350025301008079e-02 -1.646592853004073473e-02 -1.675561002932794349e-02 -1.855557284470507606e-02 -1.575176186557078126e-02 -1.666167387242069656e-02 -1.657660965119726534e-02
-1.700233099446041632e-02 -1.679100447641816013e-02 -1.676011279526842118e-02 -1.544655644469297359e-02 -1.677084288274094392e-02 -1.671630744593072607e-02 -1.828385552753519078e-02 -1.575409184420139760e-02 -1.681707278402501393e-02 -1.628855186136183089e-02
-1.698420467170080883e-02 -1.615686030801427933e-02 -1.658393271726529838e-02 -1.601187824577897378e-02 -1.627143744764472655e-02 -1.652910731205157330e-02 -1.841531452037785052e-02 -1.587042015339785311e-02 -1.638469875194492956e-02 -1.649522794401262968e-02
-1.685616253062530157e-02 -1.679535532452211544e-02 -1.671551286222804425e-02 -1.541625658122491339e-02 -1.689310327348067520e-02 -1.727648420094109530e-02 -1.806379741822991200e-02 -1.517681926615108839e-02 -1.691108452614677182e-02 -1.649852448272879843e-02
-1.707334331854515330e-02 -1.704965000156051513e-02 -1.597363082589856390e-02 -1.540930030474932030e-02 -1.647784968735526226e-02 -1.652408934555926051e-02 -1.831690109533592320e-02 -1.581021305754592987e-02 -1.711189407120999179e-02 -1.620797823910813396e-02
-1.629582375303011491e-02 -1.708519253305593524e-02 -1.607749756971818197e-02 -1.606665290849176864e-02 -1.605884722366124340e-02 -1.707782038388364412e-02 -1.837448235876132027e-02 -1.550827959934927662e-02 -1.640383417727703241e-02 -1.672008548651102849e-02
-1.682259551686949781e-02 -1.700702382225307771e-02 -1.619853323176125015e-02 -1.600292283852991493e-02 -1.602526464196945069e-02 -1.695299479060930273e-02 -1.813117189990200509e-02 -1.528945405219824145e-02 -1.702076205439841464e-02 -1.640395846446328701e-02
-1.674246130793583323e-02 -1.634276650107091902e-02 -1.641184559077321289e-02 -1.584877773030965442e-02 -1.653079038362977385e-02 -1.723306099382332021e-02 -1.836995960043698653e-02 -1.576419808948485018e-02 -1.702989663129091114e-02 -1.592939623985624789e-02
-1.688802380212489629e-02 -1.649560217857913569e-02 -1.659664554451594984e-02 -1.625930540396983148e-02 -1.672829936229955697e-02 -1.723735458429008147e-02 -1.815342132145171192e-02 -1.513734403129600795e-02 -1.719866230865987888e-02 -1.598755682769844103e-02
-1.622116262897147984e-02 -1.679770923281769315e-02 -1.598655086160128899e-02 -1.538090335387925882e-02 -1.642128477946100396e-02 -1.685670135981164400e-02 -1.869751828034938584e-02 -1.605977801428719320e-02 -1.645707619679135508e-02 -1.662240580933812759e-02
-1.690238497745099114e-02 -1.692699581485273067e-02 -1.683243599641575522e-02 -1.557027571382134205e-02 -1.660118082161240669e-02 -1.695124776331932356e-02 -1.837878116575517376e-02 -1.547610848508602227e-02 -1.648179579198131434e-02 -1.637796116749834149e-02
-1.665862030040800648e-02 -1.636637308785731867e-02 -1.649860457732234623e-02 -1.566816107172326611e-02 -1.693258912396519364e-02 -1.668537525355919329e-02 -1.837183287496890749e-02 -1.591085858888732774e-02 -1.714237917815861906e-02 -1.598480149018888935e-02
-1.698832762752799236e-02 -1.657295065180037358e-02 -1.598100133135974682e-02 -1.552354461494856626e-02 -1.624623373847710467e-02 -1.679734766114817507e-02 -1.807058517793519448e-02 -1.560624263283677364e-02 -1.703723396868117926e-02 -1.679071464833188296e-02
-1.686064218608652326e-02 -1.662186782041999433e-02 -1.682579920245508634e-02 -1.627104349892993795e-02 -1.632831911748550829e-02 -1.658354323112513906e-02 -1.803156120755333020e-02 -1.593684680658854005e-02 -1.691828110012683073e-02 -1.635024916929987346e-02
-1.624467393751392180e-02 -1.707290388799193731e-02 -1.655926116700035325e-02 -1.540011958335177518e-02 -1.656035725401486594e-02 -1.695492776630945497e-02 -1.862435469246197239e-02 -1.593723894167555638e-02 -1.704972257626228421e-02 -1.607889182748423185e-02
-1.671980723077062456e-02 -1.649365619735823976e-02 -1.649360704852000092e-02 -1.580787591280600687e-02 -1.660868678428197021e-02 -1.700873087438247236e-02 -1.864155808043044607e-02 -1.519511495973785431e-02 -1.662490254225746159e-02 -1.616146717795194018e-02
-1.661552268337081542e-02 -1.628457285501468121e-02 -1.680003535547264573e-02 -1.556636792331401835e-02 -1.593062825581870179e-02 -1.743975703156656204e-02 -1.857984560652420000e-02 -1.599599851549827340e-02 -1.690697902162235575e-02 -1.676668841160547721e-02
-1.667408203611298045e-02 -1.676437219601925946e-02 -1.690530931506941878e-02 -1.585140730113420923e-02 -1.651282025448232854e-02 -1.696783788988706979e-02 -1.828726716631084992e-02 -1.578928566338435799e-02 -1.676653727300893640e-02 -1.639377040692853796e-02
-1.645620184767660962e-02 -1.642754025289524383e-02 -1.626111143689112221e-02 -1.592728244840783611e-02 -1.616785784204705090e-02 -1.715541101685694875e-02 -1.874516666015082003e-02 -1.513695188149700305e-02 -1.648090708782337654e-02 -1.607682235036924506e-02
-1.635401448895967835e-02 -1.692186051964163912e-02 -1.676633364828962469e-02 -1.571481769548325677e-02 -1.676584057763990873e-02 -1.654033448743741710e-02 -1.867841788463213068e-02 -1.572174760599731949e-02 -1.706880871882164932e-02 -1.651555756185170074e-02
-1.658503101159929452e-02 -1.705682060951851237e-02 -1.624890293609559944e-02 -1.622880343000450767e-02 -1.611541918025674591e-02 -1.681669766525369092e-02 -1.810637973043842039e-02 -1.605559973952718628e-02 -1.706042688328002210e-02 -1.627569909497440445e-02
-1.627850017196148802e-02 -1.619456531392170912e-02 -1.637643663469849284e-02 -1.587958518892135934e-02 -1.697331212658681129e-02 -1.717772216360716198e-02 -1.830836309321212316e-02 -1.519096648069875183e-02 -1.639304813821686538e-02 -1.645544468399742430e-02
-1.670692678146154173e-02 -1.696818697988107180e-02 -1.649150072565854636e-02 -1.596402112483490468e-02 -1.663050728764264852e-02 -1.657032928641195488e-02 -1.838142487529936114e-02 -1.597827340117960113e-02 -1.667979379477250307e-02 -1.649582193700976918e-02
-1.632759720296901584e-02 -1.629932021720335855e-02 -1.679130818835849678e-02 -1.614655289825983261e-02 -1.627162928056231916e-02 -1.674407271175887973e-02 -1.826155913386591154e-02 -1.558287214931716735e-02 -1.690196070366560901e-02 -1.687651237363944901e-02
-1.672060987685677902e-02 -1.670495063221369078e-02 -1.606335268826133977e-02 -1.553686969712067024e-02 -1.672955307956741286e-02 -1.731347907009578996e-02 -1.826363936067434274e-02 -1.566405804707472413e-02 -1.686718776440042367e-02 -1.639197595312927649e-02
-1.643369479377788586e-02 -1.622122915221434203e-02 -1.652639990525306066e-02 -1.618524503443501128e-02 -1.679057517899057439e-02 -1.654701599393684774e-02 -1.844930533188555988e-02 -1.585563371761153362e-02 -1.643718371085503213e-02 -1.686198428775144073e-02
-1.714937807857683238e-02 -1.692972097804646900e-02 -1.628347556786834474e-02 -1.552836366545705220e-02 -1.607157769332746497e-02 -1.717903389326151317e-02 -1.801174331047523600e-02 -1.524596019252739618e-02 -1.707612689738351869e-02 -1.621968466591277788e-02
-1.618129161106835259e-02 -1.621817340708914951e-02 -1.689647394400619479e-02 -1.579753993084819300e-02 -1.677338277680387804e-02 -1.740645050449550826e-02 -1.804445539139238122e-02 -1.579501911587878615e-02 -1.677377036623914006e-02 -1.676439323078215970e-02
-1.640181807577243550e-02 -1.667200088503582520e-02 -1.675162224253717511e-02 -1.599884075312606180e-02 -1.620912175159280877e-02 -1.651112575646049643e-02 -1.790541363944275766e-02 -1.587046092228229510e-02 -1.721693517354428229e-02 -1.627447024227468217e-02
-1.647080461142348684e-02 -1.670160250204823227e-02 -1.683932673367970895e-02 -1.577390751577676525e-02 -1.616383210334702836e-02 -1.724013453683191990e-02 -1.809907788205968732e-02 -1.604357848217851865e-02 -1.713104885537746272e-02 -1.668026067530727768e-02
-1.693516047546204939e-02 -1.673364957373647127e-02 -1.647063794882717286e-02 -1.545816134513803772e-02 -1.595295273827945087e-02 -1.706343024377512257e-02 -1.865198680492050759e-02 -1.579781283567137373e-02 -1.649180978320720359e-02 -1.642519410691401990e-02
-1.663126678688897631e-02 -1.622049507057213985e-02 -1.687274797641026211e-02 -1.542704149130178469e-02 -1.607254715933903802e-02 -1.703871884270932377e-02 -1.795874599112010778e-02 -1.539026018566648328e-02 -1.628161963893777833e-02 -1.685973139964076079e-02
-1.708000146805619540e-02 -1.699207729398935149e-02 -1.648496769673711559e-02 -1.539230638414183783e-02 -1.620368383035813639e-02 -1.680641255998117228e-02 -1.788824240872645757e-02 -1.516964506096875852e-02 -1.644572103546306646e-02 -1.687570795688486669e-02
-1.633955706339100186e-02 -1.654337069062106549e-02 -1.660082082821147387e-02 -1.604539932257221038e-02 -1.642581414743803439e-02 -1.677434456546554251e-02 -1.850924526577097176e-02 -1.535442533946772270e-02 -1.654454429783941763e-02 -1.642884576920953035e-02
-1.622797057591832473e-02 -1.702776147854404357e-02 -1.640980927573791257e-02 -1.595577892215316665e-02 -1.640849326893561305e-02 -1.717910591108051666e-02 -1.808837486791460211e-02 -1.552280874784464984e-02 -1.686745344973034771e-02 -1.673972555929714376e-02
-1.628191043344983518e-02 -1.677773360162000335e-02 -1.626032532232550218e-02 -1.540541769385789066e-02 -1.635146730321079822e-02 -1.707680530402554825e-02 -1.808434621062146586e-02 -1.549181710503796244e-02 -1.664992872155941425e-02 -1.678459624323104873e-02
-1.657354439483069153e-02 -1.633788861481938470e-02 -1.643324425344507358e-02 -1.612330847325728345e-02 -1.655963282870136916e-02 -1.739144900031171573e-02 -1.824038746235019659e-02 -1.560627971725840786e-02 -1.711457928092551678e-02 -1.595266741626440166e-02
-1.669616120331702050e-02 -1.633337629568440072e-02 -1.652290904954898179e-02 -1.634387554233219728e-02 -1.598288834829657973e-02 -1.673543455799767279e-02 -1.782282406452431398e-02 -1.513336747169752652e-02 -1.723856996253418303e-02 -1.628924621766604866e-02
-1.706173359789211683e-02 -1.696713274117685535e-02 -1.688110373424168628e-02 -1.580173497997934898e-02 -1.602227335972581865e-02 -1.659642946653687098e-02 -1.812966225158667288e-02 -1.556278114950462692e-02 -1.720678181821154104e-02 -1.644613718001848579e-02
-1.706400499740161683e-02 -1.678575535232593174e-02 -1.661641640189635838e-02 -1.620095308882112811e-02 -1.687575073611448373e-02 -1.700040984374060274e-02 -1.816649120333965403e-02 -1.534598627787466495e-02 -1.648186958944672723e-02 -1.617278347271391623e-02
-1.710032190566389276e-02 -1.713267073442819102e-02 -1.685959367263565115e-02 -1.533204177325885563e-02 -1.668155072309707165e-02 -1.651621505160439166e-02 -1.819776108621889293e-02 -1.512525423250693848e-02 -1.633091991117601588e-02 -1.637990299508350692e-02
-1.634763838644998427e-02 -1.709853061022103063e-02 -1.654607388722809103e-02 -1.585390283637502090e-02 -1.666495299741596256e-02 -1.712096735281647825e-02 -1.842508585803953949e-02 -1.554466184169489215e-02 -1.662834467794681997e-02 -1.650552361230780973e-02
-1.661651128153685680e-02 -1.637589766651787945e-02 -1.600390014897173918e-02 -1.546129554813481521e-02 -1.642691124489000995e-02 -1.739564126100654265e-02 -1.843479470318581948e-02 -1.575781183412584829e-02 -1.691862144048051145e-02 -1.643084985930735528e-02
-1.638062558059201826e-02 -1.633076840186204262e-02 -1.670277205849801661e-02 -1.631318369789174286e-02 -1.649852051208049869e-02 -1.660771357076542068e-02 -1.795629848488317082e-02 -1.542750847155403143e-02 -1.640533090631432142e-02 -1.660273314429965355e-02
-1.634982754017486051e-02 -1.635872965083704986e-02 -1.673893470337155243e-02 -1.601231997379194694e-02 -1.630675339203475210e-02 -1.731291079858655532e-02 -1.861370907978233957e-02 -1.575224925491622296e-02 -1.632690878840042589e-02 -1.626116832450317032e-02
-1.670358485640380253e-02 -1.687845815766236129e-02 -1.626353479100037941e-02 -1.548613041405549201e-02 -1.643490702236811984e-02 -1.678805935964891929e-02 -1.792565505352081492e-02 -1.584953387870923283e-02 -1.653124306407691493e-02 -1.673995150389741976e-02
-1.714901481258519420e-02 -1.669970444977198626e-02 -1.665302843778726158e-02 -1.581624971372429245e-02 -1.605590645773418909e-02 -1.669086162006673188e-02 -1.810831667446623217e-02 -1.522721600522444936e-02 -1.636073106321523501e-02 -1.632391256261115156e-02
-1.678238150170341392e-02 -1.654268844584135673e-02 -1.608248298188084610e-02 -1.536419788207515381e-02 -1.693352148657359391e-02 -1.651990742169786100e-02 -1.839647417092238335e-02 -1.605857179609447918e-02 -1.712479460242872717e-02 -1.650573066286389196e-02
-1.633886677731961196e-02 -1.625462778590463717e-02 -1.690342936814846417e-02 -1.553519014112350431e-02 -1.645558293009107692e-02 -1.669119958619704955e-02 -1.859236205348715684e-02 -1.600195167849969777e-02 -1.649272630217317806e-02 -1.641644005943806647e-02
-1.691150394132287516e-02 -1.666146913764702392e-02 -1.630949534565050846e-02 -1.603703987522740390e-02 -1.654100575498587689e-02 -1.742358552125708102e-02 -1.785250747564940191e-02 -1.579299441403002324e-02 -1.676686515655870929e-02 -1.610225944426286679e-02
-1.638021673710412726e-02 -1.665083011856193299e-02 -1.688891302360998048e-02 -1.592845255916440841e-02 -1.619531761821983024e-02 -1.712513066810345680e-02 -1.782169832246591895e-02 -1.549459456508978615e-02 -1.663500770293303149e-02 -1.656591666020831854e-02
-1.711109166493501518e-02 -1.645174543852063673e-02 -1.610159875257892448e-02 -1.629091227577187870e-02 -1.596010325674924318e-02 -1.696733309445821666e-02 -1.806843765406177665e-02 -1.557705221164169644e-02 -1.678606550714619589e-02 -1.662265587582267487e-02
-1.664962577636121266e-02 -1.672151570043746080e-02 -1.646219243606975718e-02 -1.568545350668682642e-02 -1.614604842404158622e-02 -1.727582987904878464e-02 -1.778843175057755535e-02 -1.532731087410346520e-02 -1.683212768391452105e-02 -1.646360402704807185e-02
-1.705355320507074418e-02 -1.687961832545342711e-02 -1.662929697275832702e-02 -1.551658711641755277e-02 -1.631032885956270814e-02 -1.740200976870098087e-02 -1.855371535481617831e-02 -1.576422523514596843e-02 -1.699394984515579035e-02 -1.640956969342151697e-02
-1.657072868578206987e-02 -1.699939124724938327e-02 -1.668621697423851996e-02 -1.594436426615107941e-02 -1.609355957796853448e-02 -1.698502675726910535e-02 -1.800223407921450192e-02 -1.535963836668752594e-02 -1.676387461323261205e-02 -1.603765313475696147e-02
-1.628397955097986988e-02 -1.686801005984240806e-02 -1.682003825198388758e-02 -1.624570574863338016e-02 -1.646689585924268617e-02 -1.686086312695163347e-02 -1.841639533551949967e-02 -1.531376564706445065e-02 -1.716639851236393885e-02 -1.625916185050702012e-02
-1.642452160096350214e-02 -1.706927353293995892e-02 -1.637491664171683223e-02 -1.560558455732228254e-02 -1.608459747993172539e-02 -1.744558969561132988e-02 -1.798507415129654147e-02 -1.606956761808892714e-02 -1.671212394715405197e-02 -1.648559492132068219e-02
-1.644051348169109361e-02 -1.707962833586881141e-02 -1.677542015407752773e-02 -1.556777643493301687e-02 -1.629856667022441807e-02 -1.711817354048152454e-02 -1.865465690385584296e-02 -1.591395063857950834e-02 -1.660178954634529067e-02 -1.595865091262995902e-02
-1.660859323001200732e-02 -1.689992439210577513e-02 -1.596829419791818624e-02 -1.577340651844761146e-02 -1.653228139676731281e-02 -1.664908297215408547e-02 -1.786335448769334547e-02 -1.565619812272201969e-02 -1.648713057142673147e-02 -1.687390080622248184e-02
-1.651478631882156295e-02 -1.679515510815668411e-02 -1.669397227819732418e-02 -1.575348352674519822e-02 -1.614589656449763252e-02 -1.747814191243158427e-02 -1.855622343033718619e-02 -1.592639882948915231e-02 -1.627036975229052829e-02 -1.597071524344139196e-02
-1.661469031909624042e-02 -1.684296691330575829e-02 -1.654735679946713750e-02 -1.610329615645364129e-02 -1.604923219325079392e-02 -1.685018331349773246e-02 -1.861728138082724415e-02 -1.556264125337863610e-02 -1.655157371452570594e-02 -1.627807307093853337e-02
-1.645221774472694840e-02 -1.687565794842397354e-02 -1.617079261361889161e-02 -1.579984583685710431e-02 -1.602501515991006098e-02 -1.697640486948161914e-02 -1.861721544786278451e-02 -1.582061988943481504e-02 -1.637509530427926768e-02 -1.685999799781210534e-02
-1.706341143262471091e-02 -1.617232973844241403e-02 -1.647130529315516193e-02 -1.619736855842717621e-02 -1.628919603341805189e-02 -1.729161129697377383e-02 -1.796178765326174320e-02 -1.600125309469526899e-02 -1.628546371539190546e-02 -1.637213530237262293e-02
-1.662249315541969308e-02 -1.696804736360518415e-02 -1.693355759234887320e-02 -1.596013323545278709e-02 -1.600105087565284467e-02 -1.700324204034041678e-02 -1.804884796364805352e-02 -1.562663223186962561e-02 -1.663486889668228455e-02 -1.622191558612382650e-02
-1.651036758009650010e-02 -1.668942386685393423e-02 -1.597507639730471815e-02 -1.590553002136431068e-02 -1.659965408238477449e-02 -1.719224450163104462e-02 -1.816089854311838531e-02 -1.572097618767110197e-02 -1.700526371020048486e-02 -1.679725166782565157e-02
-1.685917996069118477e-02 -1.638404952425190006e-02 -1.630957937732391283e-02 -1.590554546416350287e-02 -1.639388255974083553e-02 -1.711525818062673010e-02 -1.794378153226449876e-02 -1.555101969230599998e-02 -1.657061274968317857e-02 -1.635899437494186745e-02
-1.671161281105413773e-02 -1.699894107713538494e-02 -1.681277884521277174e-02 -1.562149234821536871e-02 -1.612179845447371529e-02 -1.670966498155834062e-02 -1.817903760354190601e-02 -1.522600172035682396e-02 -1.681129924259017194e-02 -1.676686247818690717e-02
-1.668204839221730865e-02 -1.648768808918545450e-02 -1.660123163848064437e-02 -1.577615347737119228e-02 -1.633791119711763482e-02 -1.746350071505411300e-02 -1.798630301276754259e-02 -1.603761785197452619e-02 -1.687669547835449202e-02 -1.649538728043272937e-02
-1.686851759708126244e-02 -1.634591208838300988e-02 -1.658375295243618916e-02 -1.612888261135090109e-02 -1.648451870229295999e-02 -1.705789189079815957e-02 -1.784537306380236041e-02 -1.600063079710409286e-02 -1.639662319129715426e-02 -1.608002103777795774e-02
-1.654328231971603433e-02 -1.629811501111488869e-02 -1.626430465076957391e-02 -1.597527792754354151e-02 -1.624105075791178535e-02 -1.726361937148347334e-02 -1.794152461744425928e-02 -1.575751866429853099e-02 -1.683070874234449468e-02 -1.606118670107310048e-02
-1.672039692144672990e-02 -1.665485591541077809e-02 -1.630349661179621851e-02 -1.621647309828377556e-02 -1.614194132365497081e-02 -1.661010886413908511e-02 -1.826071298513124580e-02 -1.593907037435882829e-02 -1.711497309089419008e-02 -1.624831273770421108e-02
-1.718219710040008036e-02 -1.658946230989607334e-02 -1.604396094675279716e-02 -1.533204402652302463e-02 -1.614135766012833595e-02 -1.723327721129367177e-02 -1.854159448415441253e-02 -1.596467180517137374e-02 -1.684144681643380895e-02 -1.613612707387879208e-02
-1.642868969702539553e-02 -1.678750375824742541e-02 -1.616230768082645847e-02 -1.539686779002465492e-02 -1.609140190976231233e-02 -1.710231350563383088e-02 -1.849745351189331644e-02 -1.553305314791863720e-02 -1.667214248139899796e-02 -1.647661957196338775e-02
-1.699526790453474018e-02 -1.667808520091375660e-02 -1.659822939699643479e-02 -1.610774663148062738e-02 -1.681378767179573033e-02 -1.686853014587763946e-02 -1.805099666466495820e-02 -1.548394145382048573e-02 -1.640975196576986359e-02 -1.613315542471279590e-02
-1.709028894821081057e-02 -1.689976137619041141e-02 -1.624142072617179924e-02 -1.574650364939124067e-02 -1.671892116623751798e-02 -1.655491283980451561e-02 -1.797651985981539580e-02 -1.602632475656939198e-02 -1.708413901532313678e-02 -1.597239722500260958e-02
-1.639939736491366137e-02 -1.641662282755427735e-02 -1.628288159770552648e-02 -1.618845207111994922e-02 -1.686454149510204295e-02 -1.666500500190717590e-02 -1.806397993705089605e-02 -1.599281619022896797e-02 -1.693183662415709279e-02 -1.686082609221404432e-02
-1.659981228371973719e-02 -1.659934975399798493e-02 -1.651916945545015350e-02 -1.599364230702671891e-02 -1.653868640709419899e-02 -1.728703739986564222e-02 -1.822222267378696692e-02 -1.553859797993575528e-02 -1.711218075566810215e-02 -1.683229182731056303e-02
-1.670203043596060408e-02 -1.675671138823391082e-02 -1.684216931082295129e-02 -1.574242878478655100e-02 -1.607428028235120820e-02 -1.656047404308759810e-02 -1.839892380112221823e-02 -1.547132302920296160e-02 -1.715488897304248347e-02 -1.642717253257126170e-02
-1.649752183278281950e-02 -1.711035050255896306e-02 -1.628009494862467724e-02 -1.558507051889750084e-02 -1.653504826578943571e-02 -1.654342113479786297e-02 -1.803391205734349370e-02 -1.564146126896856503e-02 -1.688944074534401082e-02 -1.663872521706348528e-02
-1.623386401617909688e-02 -1.651758207837801529e-02 -1.690046028384930080e-02 -1.596325747732366129e-02 -1.661612177110377564e-02 -1.748836304021444618e-02 -1.786605907716811922e-02 -1.519040000788522693e-02 -1.650602829865445431e-02 -1.622469159908627306e-02
-1.710772829817341911e-02 -1.695825734378287458e-02 -1.594223981294586728e-02 -1.569509572844939721e-02 -1.682749449065605238e-02 -1.713367703010624729e-02 -1.828286710715089705e-02 -1.560185432386094855e-02 -1.687628206388929256e-02 -1.604804257495967904e-02
-1.618617903650387130e-02 -1.690266409320554872e-02 -1.642210633928303451e-02 -1.560720490471643671e-02 -1.672420803176886961e-02 -1.724598497476930239e-02 -1.820900700425152202e-02 -1.603760901463419097e-02 -1.707720036354870574e-02 -1.665125687601482288e-02
-1.654763193341242736e-02 -1.701235339459718568e-02 -1.615785869674137010e-02 -1.621361711772901712e-02 -1.630756537838527753e-02 -1.662779115595829776e-02 -1.837364286878320416e-02 -1.586883831725926716e-02 -1.707937884402600109e-02 -1.627005400402655941e-02
-1.649889436762016007e-02 -1.620713239127643743e-02 -1.641156245757162402e-02 -1.633084385491018545e-02 -1.648565806360843822e-02 -1.655581625683662586e-02 -1.871001785047077259e-02 -1.523866935583501406e-02 -1.650903176897204616e-02 -1.661836758322582375e-02
-1.697642542653115053e-02 -1.648312832003802700e-02 -1.640931082516578973e-02 -1.625103642617273594e-02 -1.654598397731402507e-02 -1.672036633956912322e-02 -1.831987119934178065e-02 -1.591255481284418322e-02 -1.632679168917599427e-02 -1.619843931368105186e-02
-1.622461082988740574e-02 -1.707116285593406058e-02 -1.597196674019037491e-02 -1.570018337247538684e-02 -1.663381178940885954e-02 -1.694822786241994075e-02 -1.823876979575762836e-02 -1.574510524959110355e-02 -1.708598455836138341e-02 -1.613948551948348603e-02
-1.628378948606985788e-02 -1.688488311925850222e-02 -1.636585574487446626e-02 -1.598914514312958432e-02 -1.616105623625546314e-02 -1.672484787413157717e-02 -1.795492999290702885e-02 -1.609405319382646235e-02 -1.690940763401101860e-02 -1.655556229827131673e-02
-1.642333304389489990e-02 -1.684785918408602395e-02 -1.691573879002837219e-02 -1.603758767104588451e-02 -1.655657682096221481e-02 -1.690746052624751347e-02 -1.797306573878996311e-02 -1.577047336481338449e-02 -1.709116163696598051e-02 -1.633159400842318018e-02
-1.678080044246066729e-02 -1.662920195306596960e-02 -1.648486497713242543e-02 -1.575783250684506184e-02 -1.668337718022514654e-02 -1.704823597803661883e-02 -1.854689026324116488e-02 -1.521544856521649461e-02 -1.677971990666765958e-02 -1.593969123370754873e-02
-1.642694221145727176e-02 -1.705907208111528961e-02 -1.672689848408522376e-02 -1.560467955524393220e-02 -1.626269224528853127e-02 -1.724305101916871752e-02 -1.812101494439973329e-02 -1.600973999825153204e-02 -1.696047499030884156e-02 -1.625651482721844621e-02
-1.681560237463837135e-02 -1.658789861986961767e-02 -1.659179347286797446e-02 -1.599389554877339234e-02 -1.678060297544032090e-02 -1.739616713789733995e-02 -1.800168569490297188e-02 -1.544738087026432949e-02 -1.647261348193118646e-02 -1.631271575503344742e-02
-1.664998455131582594e-02 -1.668427976572866775e-02 -1.637053364274789966e-02 -1.593757838089045892e-02 -1.664493535511201230e-02 -1.712531104375517726e-02 -1.810929138150936188e-02 -1.527618904075064149e-02 -1.662024281637605738e-02 -1.670113795100391582e-02
-1.628606673641668987e-02 -1.670510584960342715e-02 -1.671596739500964129e-02 -1.554967249968415219e-02 -1.628345756322633481e-02 -1.713640197892760814e-02 -1.812439826212700750e-02 -1.529952180165429498e-02 -1.677054810316297440e-02 -1.654161345717439918e-02
-1.639632973084844889e-02 -1.651366776225264565e-02 -1.678593949067930594e-02 -1.608355846734015396e-02 -1.602369535202045198e-02 -1.678464635447048797e-02 -1.867606742860877800e-02 -1.557711606410326459e-02 -1.662700760741706724e-02 -1.666802497267367428e-02
-1.674239736268091569e-02 -1.670874309220580015e-02 -1.681046585412015668e-02 -1.560853571886799268e-02 -1.670482280709193260e-02 -1.702302479606648475e-02 -1.814076393697474851e-02 -1.573619475112063293e-02 -1.702104255526522975e-02 -1.633367955738655730e-02
-1.679424475446529563e-02 -1.656592436064354204e-02 -1.634527803202064783e-02 -1.623712808432182381e-02 -1.602053617656865048e-02 -1.682497275789006375e-02 -1.866803060068513570e-02 -1.557163917877928995e-02 -1.688643513924277181e-02 -1.591612320595177724e-02
-1.673665131375216483e-02 -1.637129685532722964e-02 -1.616621244979448910e-02 -1.546732456926577445e-02 -1.604205117182393517e-02 -1.694533626591567671e-02 -1.812482033919893612e-02 -1.535008854147617771e-02 -1.709630152499755709e-02 -1.642448927511511864e-02
-1.629987605916658963e-02 -1.643555033607402294e-02 -1.682193420056820113e-02 -1.575072604235368268e-02 -1.600270021339469939e-02 -1.706273607166795131e-02 -1.821744073787177204e-02 -1.517310517433503696e-02 -1.639422718623721742e-02 -1.638239538600675879e-02
-1.668242830417080227e-02 -1.638338735047824291e-02 -1.657405160359044435e-02 -1.598393513752927042e-02 -1.604915906837262735e-02 -1.741014553310135660e-02 -1.805114354842300359e-02 -1.522403898885018279e-02 -1.651108773970101293e-02 -1.686352258760688907e-02
-1.673381172358089086e-02 -1.690736544859246585e-02 -1.688596117251227324e-02 -1.558950598586237267e-02 -1.623250482360044308e-02 -1.730922876356137674e-02 -1.853052754237637448e-02 -1.598513949341624427e-02 -1.658477826599395050e-02 -1.663218593487023750e-02
-1.645941113508741713e-02 -1.652476677035853367e-02 -1.638852238843885312e-02 -1.547206649475629803e-02 -1.681857031181024226e-02 -1.701062331628653765e-02 -1.846113557115214993e-02 -1.559216664544729562e-02 -1.657518182319315386e-02 -1.597654931287052771e-02
-1.669043586981307573e-02 -1.646256520546886606e-02 -1.644732621463589756e-02 -1.621768957154668886e-02 -1.623164094187185338e-02 -1.683716758069608854e-02 -1.799059569117034477e-02 -1.520736264970142318e-02 -1.673433451901516419e-02 -1.671063314719532442e-02
-1.691980466017988655e-02 -1.623311482527159746e-02 -1.652466032740336141e-02 -1.625578974673925342e-02 -1.676500460992817396e-02 -1.736231601268254168e-02 -1.840552268372349157e-02 -1.569626283993590457e-02 -1.647673336219294266e-02 -1.660204437014260390e-02
-1.695834079426898969e-02 -1.679818284714374582e-02 -1.680631067610591570e-02 -1.617725735843653090e-02 -1.673306694616000234e-02 -1.678352914783450001e-02 -1.855285042389308650e-02 -1.515889166731465912e-02 -1.648007421512312498e-02 -1.660833612939063494e-02
-1.648160133261116628e-02 -1.669697359193694081e-02 -1.639027816094712486e-02 -1.604555933868485190e-02 -1.681344788894990200e-02 -1.718758483565340986e-02 -1.816380329524900847e-02 -1.583678920095221015e-02 -1.711090490594502356e-02 -1.639704179813645038e-02
-1.696615039392530486e-02 -1.708992196319680454e-02 -1.637704978461411789e-02 -1.542100660842921946e-02 -1.618492508685239611e-02 -1.658342780573192343e-02 -1.861165987637366029e-02 -1.602714322460397495e-02 -1.662270570164078171e-02 -1.589610697895015023e-02
-1.624668779631342763e-02 -1.655696493366553418e-02 -1.679088852263549425e-02 -1.595342417994151385e-02 -1.617404436925336947e-02 -1.692201382366012585e-02 -1.832855898308669018e-02 -1.601631836669335091e-02 -1.664828848907924652e-02 -1.626267326810483180e-02
-1.675952755912861122e-02 -1.670606827113870971e-02 -1.666419021084069446e-02 -1.553148000939403965e-02 -1.609467105765943068e-02 -1.705799503061307051e-02 -1.861070132270974120e-02 -1.603600308304230226e-02 -1.661698517101505707e-02 -1.600758183578642607e-02
-1.627061071753223634e-02 -1.632429547538658335e-02 -1.604380902078970939e-02 -1.624639139860549128e-02 -1.606484377169000236e-02 -1.734355262880370521e-02 -1.831552808594874571e-02 -1.583355223627967018e-02 -1.715698829369581915e-02 -1.595445117902472704e-02
-1.663834478228243610e-02 -1.686901070082085993e-02 -1.641751512900818666e-02 -1.625772479387530001e-02 -1.687051589406411006e-02 -1.730129902849843887e-02 -1.778079415354452339e-02 -1.568297595254584259e-02 -1.659906205111694871e-02 -1.623695855717537800e-02
-1.656631949752080876e-02 -1.680226247106196905e-02 -1.672464505507297375e-02 -1.564350394384567133e-02 -1.597492453568478618e-02 -1.698717228783665906e-02 -1.789962497399201144e-02 -1.609118264046624502e-02 -1.654085865089414964e-02 -1.674147365981283261e-02
-1.663333746145828629e-02 -1.614873824799641436e-02 -1.604198031044366465e-02 -1.543566537830310184e-02 -1.694935638974941206e-02 -1.698607912080167190e-02 -1.804903915922123625e-02 -1.570858222408998486e-02 -1.678766803792033566e-02 -1.688908055484943105e-02
-1.632328602673375692e-02 -1.704510413868400021e-02 -1.621972968733092005e-02 -1.555354760627411861e-02 -1.648210965770663394e-02 -1.693932854185264611e-02 -1.797873304309681800e-02 -1.604381003620342777e-02 -1.687040034646127007e-02 -1.621763386745705970e-02
-1.644456329849922765e-02 -1.690320764032966772e-02 -1.662188766955276231e-02 -1.575145100721133534e-02 -1.688142662377800987e-02 -1.690583342099496317e-02 -1.815612566509129666e-02 -1.528103795843004965e-02 -1.661456090202552416e-02 -1.628606255227783503e-02
-1.635466143574478698e-02 -1.695239707977436866e-02 -1.693288673055606819e-02 -1.538303283496766580e-02 -1.657514639176422069e-02 -1.658553443118118351e-02 -1.781465016339149957e-02 -1.586401713312943565e-02 -1.684805060215354561e-02 -1.677767738589699617e-02
-1.667227481496159902e-02 -1.703961931672036759e-02 -1.599407895240028202e-02 -1.552699518202529418e-02 -1.621843279757546191e-02 -1.749443795931562851e-02 -1.775331607994629080e-02 -1.604059746697894875e-02 -1.663615951648293734e-02 -1.625200502431308619e-02
-1.645670782080181985e-02 -1.659467619237600319e-02 -1.673263633186465940e-02 -1.618501821880143771e-02 -1.641100282186845963e-02 -1.736087936872338436e-02 -1.864097649195460213e-02 -1.571216001655994024e-02 -1.714096339157558657e-02 -1.617641834853222535e-02
-1.669861061587772644e-02 -1.707549820037050636e-02 -1.617073974629293712e-02 -1.576699630314824796e-02 -1.598211053561593778e-02 -1.719019033102989549e-02 -1.797323893527855154e-02 -1.603773510376440420e-02 -1.669025521599381071e-02 -1.686425766480426081e-02
-1.647316537711449036e-02 -1.707214420684092029e-02 -1.618721459078838881e-02 -1.615932665794385728e-02 -1.617944601421891088e-02 -1.745441127839053586e-02 -1.842894119131141192e-02 -1.550247744716125135e-02 -1.692721456637813482e-02 -1.607439538172117030e-02
-1.674645123736089036e-02 -1.641344627211948487e-02 -1.596719268646908454e-02 -1.549538963793567134e-02 -1.688920535939832102e-02 -1.673092748046547604e-02 -1.815047773741242793e-02 -1.560425398603440365e-02 -1.678389654959247870e-02 -1.684150102805575047e-02
-1.622865152604825723e-02 -1.706157220170082325e-02 -1.624436099863240182e-02 -1.601068172320318367e-02 -1.683105374220440417e-02 -1.730779101657561533e-02 -1.867073408782723293e-02 -1.513483932960479894e-02 -1.635569013833042956e-02 -1.631737182281421325e-02
-1.705393140733482346e-02 -1.675865430152132310e-02 -1.671558095881661016e-02 -1.621021310293560211e-02 -1.656854109302004219e-02 -1.705629196524515237e-02 -1.863687467233962614e-02 -1.544755049718486185e-02 -1.666231216853814381e-02 -1.612622764431613162e-02
-1.705584925851582126e-02 -1.626367611264223009e-02 -1.658530421876162203e-02 -1.585852604498099588e-02 -1.676666690749739272e-02 -1.742412393404598261e-02 -1.850014225693746156e-02 -1.583319391949238736e-02 -1.703766741983702912e-02 -1.585001812042816441e-02
-1.637325424261271839e-02 -1.647155445920422262e-02 -1.630138865638843665e-02 -1.605933873925485464e-02 -1.671021462908975699e-02 -1.711133346269588795e-02 -1.827118755611831930e-02 -1.555071993066735152e-02 -1.645621144074364134e-02 -1.681743921950197909e-02
-1.711364509719108876e-02 -1.693882380765112522e-02 -1.668672552657537306e-02 -1.625612775622531717e-02 -1.664181818494048920e-02 -1.704822957544377404e-02 -1.821756581300848152e-02 -1.574643981043801974e-02 -1.646817354585501311e-02 -1.671262305543944060e-02
-1.683461720624758115e-02 -1.659418936124432489e-02 -1.613264175868021899e-02 -1.554073792977073848e-02 -1.653419581747268136e-02 -1.706596385401080301e-02 -1.811239326005475644e-02 -1.517900556989420363e-02 -1.713305604727579159e-02 -1.651559230221576191e-02
-1.665132017053787619e-02 -1.675124667859879263e-02 -1.620121040100093793e-02 -1.566533341089230633e-02 -1.693640753083483497e-02 -1.682906239266760209e-02 -1.849027573065317384e-02 -1.530448531513679648e-02 -1.686718480064645573e-02 -1.646294636520575019e-02
-1.676323207337177337e-02 -1.641366551668749577e-02 -1.688418588530654282e-02 -1.619015769700694538e-02 -1.606518265307984791e-02 -1.711773276018883905e-02 -1.864273445670415474e-02 -1.590649652785937340e-02 -1.678061464527494037e-02 -1.604582479110928939e-02
-1.628308588125916903e-02 -1.653606325652682077e-02 -1.694088921941179840e-02 -1.567832893089071353e-02 -1.630680141933294955e-02 -1.683223750913013031e-02 -1.784782628996910495e-02 -1.526075427313130194e-02 -1.648553349085076641e-02 -1.673125156823419141e-02
-1.692178193340111714e-02 -1.652611592223438702e-02 -1.631092307189241017e-02 -1.562287696927044250e-02 -1.660061946839395605e-02 -1.665474786530118240e-02 -1.798677415145719105e-02 -1.597958556110455619e-02 -1.707960729856536006e-02 -1.640272327686259982e-02
-1.688403299944471816e-02 -1.669139335440575703e-02 -1.626623315730390401e-02 -1.579355730041245159e-02 -1.625302832128710379e-02 -1.719567583531089044e-02 -1.833351429852371484e-02 -1.520755569616685093e-02 -1.645245759969967206e-02 -1.674423594603205098e-02
-1.670294655317553986e-02 -1.697356049743788814e-02 -1.657347095321165184e-02 -1.548693600246932485e-02 -1.688228770169188098e-02 -1.730412036136879522e-02 -1.802644692675051119e-02 -1.533904182002014671e-02 -1.706659996919330374e-02 -1.672502349113696302e-02
-1.621922406721815549e-02 -1.660915501721497989e-02 -1.668856053653044666e-02 -1.597339899239382660e-02 -1.621408258115676626e-02 -1.724987295234785972e-02 -1.795520190064760213e-02 -1.563166873907061161e-02 -1.642942765807451147e-02 -1.675514034589502613e-02
-1.669815593931143691e-02 -1.648927100250177288e-02 -1.668463633571902471e-02 -1.595906112428734092e-02 -1.684216567682760013e-02 -1.668220197798090526e-02 -1.860495350085000082e-02 -1.583563744646164506e-02 -1.659527249190808143e-02 -1.607131090346489849e-02
-1.651717059185683553e-02 -1.704971116566066786e-02 -1.625088120635415773e-02 -1.535505491956812817e-02 -1.651399932499906034e-02 -1.738083600280312599e-02 -1.805020383741007955e-02 -1.567573961620032097e-02 -1.651824260662546409e-02 -1.607900509227246089e-02
-1.633126485471309008e-02 -1.710132230129404740e-02 -1.659699611863755392e-02 -1.570984525691054498e-02 -1.655154349421549681e-02 -1.668673362404303126e-02 -1.797720609214449594e-02 -1.555400450716389743e-02 -1.683853600723061311e-02 -1.664250212644480600e-02
-1.675376200866341217e-02 -1.634594552954877697e-02 -1.617921424236366118e-02 -1.536285508873710612e-02 -1.677105163851890651e-02 -1.749088434822614405e-02 -1.793147823463479146e-02 -1.605686747385821900e-02 -1.714406722434330330e-02 -1.596046620868667512e-02
-1.648251511177965464e-02 -1.709963802978569508e-02 -1.607409338099260315e-02 -1.587908837406673893e-02 -1.675741018745493388e-02 -1.735722781467217285e-02 -1.863930078301104243e-02 -1.550487461567085987e-02 -1.663509509140136469e-02 -1.601478404686952628e-02
-1.713961160703135478e-02 -1.678491735519023129e-02 -1.672291064146342460e-02 -1.590637865770465689e-02 -1.600624204319209612e-02 -1.705351773577921254e-02 -1.824107008954259021e-02 -1.563011789443117736e-02 -1.690271207012725152e-02 -1.617618923599040831e-02
-1.649893796373180441e-02 -1.617711874918159945e-02 -1.647542970585997441e-02 -1.545553304334770783e-02 -1.644262659532897894e-02 -1.672836237734848241e-02 -1.872002980326150853e-02 -1.554249277940749144e-02 -1.652068073699981474e-02 -1.626475912040557456e-02
